wl	uv.u	uv.s	uv.m	uv.l	v.u	v.s	v.m	v.l
300	0.047704314	0	0	0	0	0	0	0
301	0.06298204	0	0	0	0	0	0	0
302	0.078353858	0	0	0	0	0	0	0
303	0.093795531	0	0	0	0	0	0	0
304	0.109282824	0	0	0	0	0	0	0
305	0.124795066	0	0	0	0	0	0	0
306	0.140312298	0	0	0	0	0	0	0
307	0.15581955	0	0	0	0	0	0	0
308	0.171301854	0	0	0	0	0	0	0
309	0.186747804	0	0	0	0	0	0	0
310	0.202148134	0	0	0	0	0	0	0
311	0.217497142	0	0	0	0	0	0	0
312	0.23279055	0	0	0	0	0	0	0
313	0.248026933	0	0	0	0	0	0	0
314	0.263206291	0	0	0	0	0	0	0
315	0.278332188	0	0	0	0	0	0	0
316	0.293409614	0	0	0	0.002071176	0	0	0
317	0.308444984	0	0	0	0.013188768	0	0	0
318	0.323444713	0	0	0	0.024111938	0	0	0
319	0.338418781	0	0	0	0.034838021	0	0	0
320	0.353377167	0	0	0	0.045363468	0	0	0
321	0.36832985	0	0	0	0.055684727	0	0	0
322	0.383287523	0	0	0	0.065802685	0	0	0
323	0.398260878	0	0	0	0.075716456	0	0	0
324	0.413260607	0	0	0	0.085428702	0	0	0
325	0.42829669	0	0	0	0.094941198	0	0	0
326	0.44337768	0	0	0	0.104258385	0	0	0
327	0.458512131	0	0	0	0.113386475	0	0	0
328	0.473706458	0	0	0	0.122332573	0	0	0
329	0.488966364	0	0	0	0.131104666	0	0	0
330	0.5042947	0	0	0	0.139711633	0	0	0
331	0.519693604	0	0	0	0.148166791	0	0	0
332	0.535163077	0	0	0	0.156481681	0	0	0
333	0.550701693	0	0	0	0.164670507	0	0	0
334	0.56630375	0	0	0	0.172747474	0	0	0
335	0.581964257	0	0	0	0.180729448	0	0	0
336	0.597673948	0	0	0	0.188632411	0	0	0
337	0.613423556	0	0	0	0.196475005	0	0	0
338	0.629198826	0	0	0	0.204275874	0	0	0
339	0.644986214	0	0	0	0.212053661	0	0	0
340	0.660768612	0	0	0	0.219828784	0	0	0
341	0.6765282	0	0	0	0.227621663	0	0	0
342	0.692244307	0	0	0	0.23545094	0	0	0
343	0.707895547	0	0	0	0.243337923	0	0	0
344	0.723459112	0	0	0	0.251302142	0	0	0
345	0.738909339	0	0	0	0.259364017	0	0	0
346	0.754220567	0	0	0	0.267542189	0	0	0
347	0.76936571	0	0	0	0.275856191	0	0	0
348	0.784316255	0	0	0	0.28432289	0	0	0
349	0.79904369	0	0	0	0.292960042	0	0	0
350	0.813517363	0	0	0	0.301783626	0	0	0
351	0.827707336	0	0	0	0.310807848	0	0	0
352	0.841580107	0	0	0	0.32004691	0	0	0
353	0.855105739	0	0	0	0.329513242	0	0	0
354	0.868250015	0	0	0	0.339216611	0	0	0
355	0.880980147	0	0	0	0.34916678	0	0	0
356	0.893263345	0	0	0	0.359370852	0	0	0
357	0.905063968	0	0	0	0.369834155	0	0	0
358	0.916347802	0	0	0	0.380560239	0	0	0
359	0.927081343	0	0	0	0.391552654	0	0	0
360	0.937227527	0	0	0	0.402811402	0	0	0
361	0.946752138	0	0	0	0.414334707	0	0	0
362	0.955618109	0	0	0	0.426119017	0	0	0
363	0.9637898	0	0	0	0.438159893	0	0	0
364	0.971230857	0	0	0	0.450450235	0	0	0
365	0.977904215	0	0	0	0.462982938	0	0	0
366	0.983773519	0	0	0	0.47574735	0	0	0
367	0.988800278	0	0	0	0.48873193	0	0	0
368	0.992948139	0	0	0	0.501925138	0	0	0
369	0.996180034	0	0	0	0.515311879	0	0	0
370	0.998456759	0	0	0	0.528877952	0	0	0
371	0.999742674	0	0	0	0.542605598	0	0	0
372	1	0	0	0	0.556479728	0	0	0
373	0.99919167	0	0	0	0.570479922	0	0	0
374	0.997280617	0	0	0	0.584588424	0	0	0
375	0.994231915	0	0	0	0.598785703	0	0	0
376	0.990010635	0	0	0	0.613050453	0	0	0
377	0.984582562	0	0	0	0.627363143	0	0	0
378	0.97791562	0	0	0	0.641702466	0	0	0
379	0.969979157	0	0	0	0.656047116	0	0	0
380	0.960745375	0	0	0	0.67037401	0	0	0
381	0.950189323	0	0	0	0.684663618	0	0	0
382	0.938288193	0	0	0	0.698892857	0	0	0
383	0.925024877	0	0	0	0.713039533	0	0	0
384	0.910386544	0	0	0	0.727083228	0	0	0
385	0.894365354	0	0	0	0.741000858	0	0	0
386	0.876961306	0	0	0	0.754772006	0	0	0
387	0.858182241	0	0	0	0.768374477	0	0	0
388	0.838043841	0	0	0	0.781787852	0	0	0
389	0.81657248	0	0	0	0.794989937	0	0	0
390	0.793806651	0	0	0	0.807962089	0	0	0
391	0.769796249	0	0	0	0.820681224	0	0	0
392	0.744604717	0	0	0	0.833128701	0	0	0
393	0.718311887	0	0	0	0.845284101	0	0	0
394	0.691009714	0	0	0	0.857127004	0	0	0
395	0.662808684	6.27036E-07	0	0	0.86863788	0	0	0
396	0.633832113	1.88111E-06	0	0	0.879798085	0	0	0
397	0.604219712	5.01629E-06	0	0	0.890586312	0	0	0
398	0.574124024	1.31678E-05	0	0	0.900984808	0	0	0
399	0.543708995	3.26059E-05	0	0	0.910974039	0	0	0
400	0.51314784	7.46173E-05	0	0	0.920535363	0	0	0
401	0.4826209	0.000159267	0	0	0.929648362	0	0	0
402	0.452308517	0.000322296	0	0	0.938296167	0	0	0
403	0.422392458	0.000614495	0	0	0.946458359	0	0	0
404	0.393047362	0.00111487	0	0	0.954117184	0	0	0
405	0.364439315	0.001928135	0	0	0.961253111	0	0	0
406	0.336720859	0.003192867	0	0	0.967847495	0	0	0
407	0.310028855	0.005080245	0	0	0.973881693	0	0	0
408	0.284480202	0.007792175	0	0	0.979338839	0	0	0
409	0.260170419	0.011553764	0	0	0.984198513	0	0	0
410	0.237173638	0.016606419	0	0	0.98844296	0	0	0
411	0.215541895	0.023195939	0	0	0.992053536	0	0	0
412	0.195304414	0.031559344	0	0	0.995014262	0	0	0
413	0.176470462	0.041911707	0	0	0.997305606	0	0	0
414	0.159030061	0.054432987	0	0	0.998911589	0	0	0
415	0.142956122	0.069261759	0	0	0.999815343	0	0	0
416	0.128208016	0.0864833	0	0	1	0	0	0
417	0.114732994	0.106127708	0	0	0.999450468	0	0	0
418	0.102469755	0.128168648	0	0	0.998151655	0	0	0
419	0.091349869	0.15252523	0	0	0.996090244	0	0	0
420	0.081300628	0.179065152	0	0	0.993252031	0	0	0
421	0.072247187	0.20761347	0	0	0.989626363	0	0	0
422	0.0641147	0.237956992	0	0	0.985202586	0	0	0
423	0.056828323	0.269856816	0	0	0.979970047	0	0	0
424	0.050314636	0.303053351	0	0	0.973921643	0	0	0
425	0.044505208	0.337274463	0	0	0.967052049	0	0	0
426	0.039333748	0.372246764	0	0	0.959356826	0	0	0
427	0.034738241	0.407698747	0	0	0.950833309	0	0	0
428	0.030660236	0.443367684	0	0	0.941481499	4.98006E-07	0	0
429	0.027046986	0.479004016	0	0	0.931302284	9.96011E-07	0	0
430	0.023849306	0.514375112	0	0	0.920301879	3.48604E-06	0	0
431	0.021023001	0.549266525	0	0	0.908486497	9.96011E-06	0	0
432	0.018526016	0.583485755	0	0	0.895865016	2.73903E-05	0	0
433	0.016321998	0.616860996	0	0	0.882449865	6.82268E-05	0	0
434	0.014378869	0.649241757	0	0	0.868256137	0.000157868	0	0
435	0.012665979	0.680498243	0	0	0.853301587	0.000340636	0	0
436	0.011156953	0.710521349	0	0	0.837604857	0.000690236	0	0
437	0.009827556	0.739219528	0	0	0.821191694	0.001316727	0	0
438	0.00865783	0.766518791	0	0	0.804087843	0.002380467	0	0
439	0.007627815	0.792362076	0	0	0.786320825	0.004095101	0	0
440	0.006721116	0.816704864	0	0	0.767925264	0.006730548	0	0
441	0.005923478	0.83951643	0	0	0.748934893	0.010611008	0	0
442	0.00522207	0.860776709	0	0	0.729387889	0.016100525	0	0
443	0.004604061	0.880475042	0	0	0.709325088	0.02358854	0	0
444	0.004060897	0.898608294	0	0	0.688790879	0.033465487	0	0
445	0.003582599	0.915182107	0	0	0.66782965	0.046098399	0	0
446	0.003161327	0.930205887	0	0	0.646492006	0.061805998	0	0
447	0.002790664	0.943695311	0	0	0.624828549	0.080833801	0	0
448	0.002464908	0.955669188	0	0	0.602893433	0.103339676	0	0
449	0.002176932	0.966150721	0	0	0.580740812	0.129378404	0	0
450	0.001923883	0.975163735	0	0	0.558430167	0.158899686	0	0
451	0.001700772	0.982735193	0	0	0.536019204	0.191747647	0	0
452	0.001504749	0.988893313	0	0	0.513569179	0.227669796	0	0
453	0.001330822	0.993668818	0	0	0.491141349	0.266328986	0	0
454	0.00117828	0.997090553	0	0	0.468798744	0.30731934	0	0
455	0.001043559	0.999190497	0	0	0.44660351	0.350185183	0	0
456	0.000924519	1	0	0	0.424616903	0.394435981	0	0
457	0.000819022	0.999551669	0	0	0.402901955	0.439567253	0	0
458	0.000726357	0.997877483	0	0	0.381518147	0.485074519	0	0
459	0.000644383	0.995010675	0	0	0.360524071	0.53046824	0	0
460	0.000571676	0.990983851	0	0	0.339975657	0.575284274	0	0
461	0.000507523	0.985831497	0	0	0.319926173	0.619092843	0	0
462	0.000450498	0.979587473	0	0	0.300424445	0.661505999	0	0
463	0.000400601	0.972286267	0	0	0.281516637	0.70218012	0	0
464	0.000356407	0.963962365	0	0	0.263241813	0.740818393	0	0
465	0.000316489	0.954652136	0	0	0.245638145	0.777172811	0	0
466	0.000281561	0.944391321	0	0	0.228733156	0.811039692	0	0
467	0.00025091	0.933217541	0	0	0.212553477	0.842260667	0	0
468	0.000223111	0.921169046	0	0	0.197116866	0.870719205	0	0
469	0.000198875	0.908282831	0	0	0.182437525	0.896335126	0	0
470	0.00017749	0.894599026	0	0	0.16852167	0.919064606	0	0
471	0.000158245	0.880158389	0	0	0.155370188	0.938892206	0	0
472	0.000141137	0.865000423	0	0	0.142980417	0.955830875	0	0
473	0.000126168	0.849167767	0	0	0.131342589	0.969916469	0	0
474	0.000112624	0.832702431	0	0	0.120444278	0.98120377	0	0
475	0.000100507	0.815647054	0	0	0.11026595	0.989764986	0	0
476	8.98145E-05	0.798045529	0	0	0.100787189	0.995685278	0	0
477	8.05479E-05	0.779941748	0	0	0.091984024	0.999062255	0	0
478	7.19941E-05	0.761380231	0	0	0.083828933	1	0	0
479	6.41532E-05	0.742405498	0	0	0.076291733	0.998612058	0	0
480	5.77379E-05	0.723062694	0	0	0.069344015	0.995013967	0	0
481	5.13226E-05	0.703396967	0	0	0.062952043	0.989327239	0	0
482	4.63329E-05	0.683453463	0	0	0.057084746	0.981673887	0	0
483	4.13432E-05	0.663277329	0	0	0.051709275	0.972177416	0	0
484	3.70663E-05	0.642913083	0	0	0.046794559	0.96096133	0	0
485	3.35022E-05	0.622405874	5.14701E-07	0	0.042309526	0.948147643	0	0
486	2.99382E-05	0.601799593	1.0294E-06	0	0.038221327	0.933857866	0	0
487	2.70869E-05	0.581138133	3.0882E-06	0	0.034502443	0.918210526	0	0
488	2.42357E-05	0.560464759	7.20581E-06	0	0.031124463	0.901323151	0	0
489	2.20972E-05	0.53982211	1.49263E-05	0	0.02805898	0.883308292	5.22325E-07	0
490	1.9246E-05	0.51925157	3.0882E-05	0	0.025281136	0.864277999	1.56698E-06	0
491	1.78203E-05	0.498793896	6.12494E-05	0	0.02276696	0.844338347	4.70093E-06	0
492	1.56819E-05	0.478489847	0.000115808	0	0.020493371	0.823593918	1.20135E-05	0
493	1.42563E-05	0.458377043	0.000210513	0	0.018439951	0.802145807	2.92502E-05	0
494	1.28306E-05	0.438494988	0.00037007	0	0.016587167	0.780089133	6.47684E-05	0
495	1.1405E-05	0.41887817	0.000628964	0	0.014915488	0.757518517	0.000135805	0
496	1.06922E-05	0.399562956	0.001034548	0	0.013408936	0.734522604	0.000271087	0
497	9.26657E-06	0.380583206	0.001650645	0	0.012052418	0.711187549	0.000513968	0
498	8.55376E-06	0.361969645	0.002560636	0	0.010831729	0.687595026	0.000930262	0
499	7.84095E-06	0.343753625	0.00386746	0	0.009732665	0.663823718	0.001612941	0
500	7.12813E-06	0.325962735	0.005696706	0	0.00874546	0.639948327	0.002687887	0
501	6.41532E-06	0.308623938	0.008195578	0	0.007857686	0.616041064	0.004315976	0
502	5.70251E-06	0.291761062	0.011530323	0	0.007059578	0.592168661	0.006695168	0
503	4.98969E-06	0.275396679	0.015886749	0	0.006342256	0.568396357	0.010059467	0
504	4.27688E-06	0.2595496	0.021461472	0	0.00569862	0.544785407	0.014671601	0
505	4.27688E-06	0.244236756	0.028459856	0	0.00512068	0.521393579	0.020815716	0
506	3.56407E-06	0.229473823	0.037086239	0	0.004601332	0.498274659	0.02878588	0
507	3.56407E-06	0.21527146	0.047538779	0	0.004135251	0.475480937	0.038870419	0
508	2.85125E-06	0.201639699	0.059999681	0	0.003717109	0.453059224	0.051338851	0
509	2.85125E-06	0.188583557	0.074629017	0	0.003341581	0.431055339	0.066426745	0
510	2.85125E-06	0.176108051	0.091555976	0	0.003004227	0.409509121	0.084319527	0
511	2.13844E-06	0.164213807	0.110874749	0	0.002701496	0.388459414	0.105146734	0
512	2.13844E-06	0.152898317	0.132636806	0	0.002429837	0.367940084	0.128966866	0
513	2.13844E-06	0.142157819	0.156850382	0	0.002186587	0.347983002	0.155769477	0
514	1.42563E-06	0.131985415	0.183476875	0	0.001967307	0.328615559	0.18546786	0
515	1.42563E-06	0.122371701	0.212430329	0	0.001770221	0.309861659	0.217906885	0
516	1.42563E-06	0.113306015	0.243580525	0	0.001594442	0.291742218	0.252864041	0
517	1.42563E-06	0.104774565	0.276754524	0	0.00143553	0.274274169	0.290059362	0
518	1.42563E-06	0.096763554	0.311740784	0	0.001292599	0.257471456	0.32916535	0
519	1.42563E-06	0.089255426	0.348293278	0	0.001164759	0.241344536	0.369815854	0
520	7.12813E-07	0.082232624	0.38613973	0	0.001050236	0.225899386	0.411620698	0
521	7.12813E-07	0.075676964	0.424985215	0	0.000946367	0.21113999	0.454172467	0
522	7.12813E-07	0.06956838	0.464520399	0	0.000853151	0.197066348	0.497061136	0
523	7.12813E-07	0.063886807	0.504426683	0	0.0007697	0.183675472	0.53988138	0
524	7.12813E-07	0.058610927	0.544382377	0	0.000694239	0.170961385	0.582241978	0
525	7.12813E-07	0.053721301	0.584068883	0	0.000626768	0.158915124	0.6237726	0
526	7.12813E-07	0.049195356	0.623177895	0	0.000565512	0.147525235	0.664130602	0
527	7.12813E-07	0.045013654	0.661411402	0	0.000511358	0.136778271	0.703003633	0
528	7.12813E-07	0.041154875	0.698490949	0	0.000461642	0.126658297	0.74011277	0
529	7.12813E-07	0.037598954	0.734156099	0	0.000417254	0.117147383	0.775216177	0
530	7.12813E-07	0.034327081	0.768171634	0	0.000377304	0.108225611	0.808108581	0
531	0	0.031320444	0.800326011	0	0.000340905	0.09987256	0.838619703	0
532	0	0.028559604	0.830433939	0	0.000308945	0.092065822	0.866616872	0
533	0	0.026028888	0.858336889	0	0.000278761	0.084782987	0.891998757	0
534	0	0.023710109	0.883904642	0	0.000253016	0.078000148	0.914697978	0
535	0	0.021588219	0.907032715	0	0.000229046	0.071692906	0.934674839	0
536	0	0.01964817	0.927641842	0	0.000206851	0.065837852	0.951918371	0
537	0	0.01787554	0.945679011	0	0.00018732	0.060410586	0.966439542	0
538	0	0.016257787	0.961114883	0	0.000170453	0.055386704	0.978272826	0
539	0	0.014781744	0.973941737	0	0.000154473	0.050743298	0.987469934	0
540	0	0.013436125	0.984172441	0	0.000140268	0.046456963	0.994100334	0
541	0	0.012210897	0.991837878	0	0.000126952	0.04250479	0.998246031	6.06254E-07
542	0	0.011094773	0.996986943	0	0.000115411	0.038865862	1	1.21251E-06
543	0	0.010078975	0.999681915	0	0.000104757	0.035517769	0.999466183	2.42501E-06
544	0	0.009155351	1	5.8966E-07	9.49918E-05	0.032442086	0.996754792	4.85003E-06
545	0	0.008315123	0.998028182	1.17932E-06	8.61141E-05	0.029617895	0.991980737	1.03063E-05
546	0	0.00755202	0.993863739	2.35864E-06	7.81241E-05	0.027028265	0.985264153	2.00064E-05
547	0	0.006857892	0.987611156	5.30694E-06	7.10219E-05	0.024655268	0.976726743	3.8194E-05
548	0	0.006227721	0.979381608	1.12035E-05	6.48075E-05	0.022482469	0.966491252	7.09317E-05
549	0	0.005655237	0.969291417	2.24071E-05	5.85931E-05	0.02049443	0.954681995	0.000126707
550	0	0.005135424	0.957459479	4.24555E-05	5.32664E-05	0.018677207	0.941420151	0.000218251
551	0	0.004663893	0.944008293	7.84248E-05	4.88276E-05	0.017016358	0.926826899	0.000365571
552	0	0.004235628	0.929060357	0.000139749	4.43887E-05	0.015499931	0.911020285	0.000594735
553	0	0.003846865	0.912739201	0.000241171	4.08376E-05	0.014115973	0.894115742	0.000940905
554	0	0.003494471	0.895167321	0.000403328	3.72865E-05	0.012853528	0.876225049	0.001451371
555	0	0.003174056	0.876465674	0.000654523	3.37354E-05	0.011702139	0.857456327	0.002183119
556	0	0.002883738	0.85675367	0.001034854	3.10721E-05	0.010653339	0.837914563	0.003210112
557	0	0.002620383	0.836147631	0.001593851	2.84088E-05	0.009697168	0.817698477	0.004617833
558	0	0.002380855	0.814760276	0.0023952	2.57454E-05	0.008826654	0.796904699	0.006507525
559	0	0.002163901	0.792702266	0.003517323	2.30821E-05	0.008033829	0.775624114	0.008993164
560	0	0.001967012	0.770079115	0.005053388	2.13066E-05	0.00731172	0.753943427	0.012202064
561	0	0.001788933	0.746992733	0.007111892	1.9531E-05	0.006654851	0.731945166	0.016270632
562	0	0.001626531	0.723540914	0.009816663	1.77555E-05	0.006057244	0.709706114	0.021342548
563	0	0.001479178	0.699816818	0.013302144	1.59799E-05	0.005513422	0.687300961	0.027564528
564	0	0.001345619	0.675909489	0.017714571	1.50922E-05	0.005018902	0.664797612	0.035081465
565	0	0.001224601	0.651902308	0.023206077	1.33166E-05	0.004568705	0.642262401	0.044034011
566	0	0.001114243	0.627875053	0.029931741	1.24288E-05	0.004159344	0.619755395	0.054551903
567	0	0.001014544	0.603902872	0.038043107	1.15411E-05	0.003787334	0.597334051	0.06675033
568	0	0.000923624	0.580055248	0.047686409	1.06533E-05	0.00344869	0.575051123	0.080725079
569	0	0.000840855	0.556398063	0.058994912	9.76551E-06	0.003140922	0.552956754	0.096550721
570	0	0.000766238	0.532992053	0.072085369	8.87774E-06	0.002861043	0.531096387	0.114274542
571	0	0.000697891	0.509893833	0.087052713	7.98996E-06	0.002606064	0.509512853	0.133918974
572	0	0.000635814	0.487155389	0.103967705	7.10219E-06	0.002374491	0.488245326	0.15547553
573	0	0.000580008	0.464823558	0.122872801	7.10219E-06	0.002163835	0.467329846	0.178907228
574	0	0.000528591	0.442941576	0.143779203	6.21442E-06	0.001972103	0.446799842	0.204147986
575	0	0.000482191	0.421549074	0.166668632	5.32664E-06	0.001797801	0.426684565	0.231104442
576	0	0.000439552	0.400679508	0.191490378	5.32664E-06	0.001639435	0.407011697	0.259657164
577	0	0.000401303	0.38036376	0.218161888	4.43887E-06	0.001495013	0.387805789	0.289663075
578	0	0.000366189	0.360628594	0.246573485	4.43887E-06	0.00136354	0.369088255	0.320958487
579	0	0.00033421	0.341496142	0.276586009	3.5511E-06	0.001244018	0.350877376	0.353363343
580	0	0.000305366	0.322985449	0.308037304	3.5511E-06	0.001134955	0.33319039	0.386682429
581	0	0.000279031	0.305110926	0.340743396	3.5511E-06	0.001035852	0.316040877	0.420711438
582	0	0.000254577	0.287884411	0.374503211	2.66332E-06	0.000945713	0.299440328	0.455238788
583	0	0.00023263	0.271313624	0.409102702	2.66332E-06	0.000863542	0.283397623	0.490049258
584	0	0.000213192	0.255403713	0.444317799	2.66332E-06	0.000788841	0.267920074	0.524928235
585	0	0.000194381	0.240155707	0.479917943	2.66332E-06	0.000720614	0.253011337	0.559662317
586	0	0.000178078	0.225569606	0.515672578	1.77555E-06	0.000658364	0.238675069	0.594045984
587	0	0.000163029	0.211639749	0.551350558	1.77555E-06	0.000602089	0.224910225	0.627880386
588	0	0.000149235	0.198360987	0.586726042	1.77555E-06	0.000550296	0.211715761	0.660975765
589	0	0.000136694	0.185724058	0.621582035	1.77555E-06	0.000502986	0.199088542	0.693156307
590	0	0.00012478	0.173717122	0.655709798	1.77555E-06	0.000460157	0.187022301	0.724257718
591	0	0.000114748	0.162328856	0.688914153	1.77555E-06	0.000420815	0.175511291	0.754130254
592	0	0.000104715	0.151543304	0.721013484	1.77555E-06	0.000385456	0.16454559	0.782638718
593	0	9.59365E-05	0.141344511	0.751840919	8.87774E-07	0.000352588	0.154116317	0.809663681
594	0	8.7785E-05	0.131715492	0.781246683	8.87774E-07	0.000322708	0.144211458	0.835100259
595	0	8.08876E-05	0.122637717	0.809096924	8.87774E-07	0.000295815	0.134818479	0.858861153
596	0	7.39902E-05	0.114091628	0.835276067	8.87774E-07	0.000270915	0.125924843	0.880872399
597	0	6.77199E-05	0.106057151	0.859685051	8.87774E-07	0.000248007	0.11751488	0.901074584
598	0	6.20766E-05	0.098514214	0.882241912	8.87774E-07	0.000227589	0.109573443	0.919424665
599	0	5.70603E-05	0.091441198	0.902882377	8.87774E-07	0.000208664	0.102085385	0.935891117
600	0	5.2671E-05	0.084817001	0.921557505	8.87774E-07	0.000191234	0.095033468	0.950456357
601	0	4.82818E-05	0.078621549	0.938233095	8.87774E-07	0.000175298	0.088401501	0.963114931
602	0	4.45195E-05	0.072832711	0.952890868	8.87774E-07	0.000160856	0.082171725	0.973872293
603	0	4.07573E-05	0.067429899	0.965525517	8.87774E-07	0.000147908	0.076327425	0.9827436
604	0	3.76222E-05	0.062393039	0.976143528	8.87774E-07	0.000135458	0.070850842	0.989754922
605	0	3.4487E-05	0.057702057	0.98476495	8.87774E-07	0.000124501	0.06572474	0.994939602
606	0	3.13518E-05	0.053336881	0.991418086	0	0.000114541	0.060932403	0.998338259
607	0	2.88437E-05	0.049278982	0.996142443	0	0.000105079	0.056456074	1
608	0	2.69625E-05	0.045510344	0.998985195	0	9.66131E-05	0.052280081	0.999977569
609	0	2.44544E-05	0.042012438	1	0	8.8645E-05	0.048387189	0.998329772
610	0	2.25733E-05	0.038768795	0.999249363	0	8.16729E-05	0.04476225	0.995120266
611	0	2.06922E-05	0.035762943	0.996798735	0	7.51989E-05	0.041389595	0.990415738
612	0	1.94381E-05	0.032979957	0.992719466	0	6.87248E-05	0.038254597	0.984284697
613	0	1.7557E-05	0.030404395	0.987085852	0	6.32467E-05	0.03534211	0.976799285
614	0	1.63029E-05	0.028022361	0.979976319	0	5.82667E-05	0.032639076	0.968032859
615	0	1.50489E-05	0.025820471	0.971469292	0	5.37846E-05	0.030132436	0.958059383
616	0	1.37948E-05	0.023786375	0.961647322	0	4.93026E-05	0.027808609	0.946954031
617	0	1.25407E-05	0.021908232	0.950591783	0	4.58165E-05	0.025656628	0.934791373
618	0	1.19137E-05	0.02017472	0.938385817	0	4.18325E-05	0.023665001	0.921645978
619	0	1.06596E-05	0.018575545	0.925111387	0	3.88444E-05	0.021821715	0.90759181
620	0	1.00326E-05	0.017100928	0.910849865	0	3.58564E-05	0.020117889	0.89270283
621	0	9.40554E-06	0.015741089	0.895682036	0	3.28684E-05	0.018543077	0.877049364
622	0	8.7785E-06	0.014488308	0.879687504	0	3.03783E-05	0.017088401	0.860702345
623	0	8.15147E-06	0.013334349	0.862944103	0	2.78883E-05	0.015745502	0.843730884
624	0	7.52443E-06	0.012271492	0.84552731	0	2.58963E-05	0.014505501	0.826200458
625	0	6.89739E-06	0.011292532	0.827510832	0	2.39043E-05	0.013361609	0.808177147
626	0	6.27036E-06	0.010391806	0.808966609	0	2.19123E-05	0.012307033	0.789722791
627	0	5.64332E-06	0.009562623	0.78996363	0	2.04182E-05	0.011334463	0.770897407
628	0	5.64332E-06	0.008799322	0.770567937	0	1.89242E-05	0.01043763	0.751759802
629	0	5.01629E-06	0.00809727	0.750844393	0	1.74302E-05	0.009611834	0.732365753
630	0	4.38925E-06	0.007451321	0.730853144	0	1.59362E-05	0.008850806	0.712768608
631	0	4.38925E-06	0.006857356	0.710653744	0	1.49402E-05	0.008149845	0.693018688
632	0	3.76222E-06	0.006310744	0.690301623	0	1.34462E-05	0.00750425	0.673165704
633	0	3.76222E-06	0.005807882	0.669850439	0	1.24501E-05	0.006909844	0.653255733
634	0	3.13518E-06	0.005345681	0.649350902	0	1.14541E-05	0.006362447	0.633332424
635	0	3.13518E-06	0.004921053	0.628850186	0	1.09561E-05	0.005858403	0.613437609
636	0	3.13518E-06	0.00452988	0.608394285	0	9.96011E-06	0.0053951	0.593610694
637	0	2.50814E-06	0.004170619	0.588025653	0	9.46211E-06	0.00496836	0.573889874
638	0	2.50814E-06	0.003840181	0.567784387	0	8.4661E-06	0.004575571	0.554308492
639	0	2.50814E-06	0.003535993	0.547708227	0	7.96809E-06	0.004214122	0.534900499
640	0	1.88111E-06	0.003256511	0.527832551	0	7.47009E-06	0.003881401	0.515697419
641	0	1.88111E-06	0.002999675	0.50819038	0	6.97208E-06	0.003575318	0.496726534
642	0	1.88111E-06	0.002763428	0.488811788	0	6.47407E-06	0.003293785	0.478015732
643	0	1.88111E-06	0.002545709	0.469725666	0	5.97607E-06	0.003034711	0.459589263
644	0	1.88111E-06	0.002346005	0.450957372	0	5.47806E-06	0.002796531	0.441470165
645	0	1.25407E-06	0.002161743	0.432531081	0	4.98006E-06	0.002577154	0.423680262
646	0	1.25407E-06	0.001992921	0.4144692	0	4.48205E-06	0.002375014	0.406238349
647	0	1.25407E-06	0.001836967	0.396790008	0	4.48205E-06	0.002189588	0.389162006
648	0	1.25407E-06	0.00169388	0.379512375	0	3.98405E-06	0.002018266	0.372466997
649	0	1.25407E-06	0.001562116	0.362651631	0	3.48604E-06	0.001861046	0.356167265
650	0	1.25407E-06	0.001440647	0.34622134	0	3.48604E-06	0.001716362	0.340275542
651	0	1.25407E-06	0.001328957	0.330233883	0	2.98803E-06	0.001583169	0.32480274
652	0	6.27036E-07	0.001226017	0.314698695	0	2.98803E-06	0.001460422	0.309757953
653	0	6.27036E-07	0.001131312	0.299624033	0	2.98803E-06	0.001347077	0.295149063
654	0	6.27036E-07	0.001044328	0.28501756	0	2.49003E-06	0.001243135	0.280981524
655	0	6.27036E-07	0.000964034	0.270882816	0	2.49003E-06	0.001147027	0.267261401
656	0	6.27036E-07	0.000890432	0.257223927	0	1.99202E-06	0.001058754	0.253990512
657	0	6.27036E-07	0.000821977	0.244042073	0	1.99202E-06	0.000977793	0.241171888
658	0	6.27036E-07	0.000759183	0.231337845	0	1.99202E-06	0.000902578	0.228806135
659	0	6.27036E-07	0.000701537	0.219110061	0	1.99202E-06	0.000833631	0.216891435
660	0	6.27036E-07	0.000648008	0.207355775	0	1.49402E-06	0.000769908	0.205427181
661	0	6.27036E-07	0.000599112	0.196071448	0	1.49402E-06	0.000711407	0.19440913
662	0	6.27036E-07	0.000553818	0.185252363	0	1.49402E-06	0.000657608	0.18383425
663	0	6.27036E-07	0.000512127	0.174892623	0	1.49402E-06	0.000607465	0.173696479
664	0	6.27036E-07	0.000473525	0.164983973	0	1.49402E-06	0.0005615	0.163990361
665	0	6.27036E-07	0.00043801	0.155518748	0	9.96011E-07	0.000519192	0.154707407
666	0	6.27036E-07	0.000405069	0.146488102	0	9.96011E-07	0.000480017	0.145841556
667	0	0	0.000374702	0.137882011	0	9.96011E-07	0.000443977	0.1373825
668	0	0	0.000346908	0.129690452	0	9.96011E-07	0.00041107	0.129321148
669	0	0	0.000321173	0.12190222	0	9.96011E-07	0.000380253	0.121648403
670	0	0	0.000297497	0.114505523	0	9.96011E-07	0.000352047	0.114353355
671	0	0	0.000275365	0.107487977	0	9.96011E-07	0.000325409	0.107423877
672	0	0	0.000255292	0.100837789	0	4.98006E-07	0.000301382	0.100850271
673	0	0	0.000236248	0.094541398	0	4.98006E-07	0.000278922	0.094619803
674	0	0	0.000218748	0.088587009	0	4.98006E-07	0.000258551	0.088720957
675	0	0	0.000202792	0.082961061	0	4.98006E-07	0.000239747	0.083142212
676	0	0	0.00018838	0.077650582	0	4.98006E-07	0.000221988	0.077869625
677	0	0	0.000174484	0.072642598	0	4.98006E-07	0.000205796	0.07289289
678	0	0	0.000161616	0.067923547	0	4.98006E-07	0.000190649	0.068198669
679	0	0	0.000150293	0.063481047	0	4.98006E-07	0.000176546	0.063775444
680	0	0	0.000139484	0.059302715	0	4.98006E-07	0.00016401	0.059610482
681	0	0	0.00012919	0.055375578	0	4.98006E-07	0.000151997	0.055692266
682	0	0	0.000119925	0.051686664	0	4.98006E-07	0.000141028	0.052009276
683	0	0	0.000111175	0.048225359	0	4.98006E-07	0.000131104	0.048549993
684	0	0	0.000103455	0.044979279	0	4.98006E-07	0.00012118	0.045302899
685	0	0	9.6249E-05	0.041937222	0	4.98006E-07	0.000112822	0.042257688
686	0	0	8.90432E-05	0.039087984	0	4.98006E-07	0.000104465	0.03940284
687	0	0	8.28668E-05	0.036421541	0	4.98006E-07	9.71525E-05	0.036729262
688	0	0	7.72051E-05	0.033927278	0	0	9.03623E-05	0.034226648
689	0	0	7.15434E-05	0.031595172	0	0	8.40944E-05	0.031885297
690	0	0	6.63964E-05	0.029416378	0	0	7.78265E-05	0.029695509
691	0	0	6.17641E-05	0.027381461	0	0	7.26032E-05	0.02765001
692	0	0	5.76465E-05	0.025481575	0	0	6.738E-05	0.025738493
693	0	0	5.35289E-05	0.023709057	0	0	6.26791E-05	0.023954895
694	0	0	4.94113E-05	0.021796199	0	0	5.79781E-05	0.022289516
695	0	0	4.58084E-05	0.020264852	0	0	5.43219E-05	0.020736901
696	0	0	4.27202E-05	0.018838464	0	0	5.01432E-05	0.019289168
697	0	0	3.96319E-05	0.017509959	0	0	4.70093E-05	0.017939041
698	0	0	3.70584E-05	0.016272852	0	0	4.38753E-05	0.016681671
699	0	0	3.44849E-05	0.015121836	0	0	4.07414E-05	0.015510996
700	0	0	3.19114E-05	0.014050423	0	0	3.76074E-05	0.014420346